kr	3.75E+03	19.5582	-710.0193	-7.156931	10.39974
rb	1.63E+03	8.316	-4275	-1.3102	0
sr	2.54E+03	4.809	-8385	0.415	-0.5551
zr	6.51E+03	1.584	-28764	1.3555	0
ru	1.24E+04	5.944	-33895	0.7895	-0.2381
te	6.24E+03	7.5999	5960.2	0	0
i	4.93E+03	6.9622	-1582.8	201.90	0			
xe	5.90E+03	19.305	-963.707	-6.58218	6.851
cs	1.87E+03	8.232	-4062	-1.3359	0
ba	3.59E+03	8.403	-9524	-0.828	-0.5551
la	6.15E+03	6.524	-21977	-0.1667	0
ce	6.77E+03	6.023	-21278	-0.1127	0
u	1.90E+04	20.735	-28776	-4.0962	0
pu	1.98E+04	3.666	-16658	0	0